5.102406252581146440e+00 5.059252694920118643e+00
5.166125921454787218e+00 4.954290374341372427e+00
4.839251676543876890e+00 5.018463385853230818e+00
5.107600713859859809e+00 5.002131164867194002e+00
4.924364925471569343e+00 4.857774629040232384e+00
4.848480893780144463e+00 5.136687426744452445e+00
4.899345743472036219e+00 5.113987856112904851e+00
4.822127975109571807e+00 5.149604431148918415e+00
4.955356638544946790e+00 5.019408999289830753e+00
5.091922893457520694e+00 4.933185591446100915e+00
5.024496657110872455e+00 4.949305682462886935e+00
4.800626435742854525e+00 5.037405656984756952e+00
5.069822331361359069e+00 5.039348538542174794e+00
4.919632543203026565e+00 5.163911680544407190e+00
5.006447441481012284e+00 4.802453343364613048e+00
5.052112242837933920e+00 5.064521558595005857e+00
4.907676675388909615e+00 4.864831539438366548e+00
4.941831908605135659e+00 4.898524326930713713e+00
5.024075317948856423e+00 5.260168311418039089e+00
5.061416670004342144e+00 5.075750771004730488e+00
5.103753994425789919e+00 4.948998360114525319e+00
4.912438174661524215e+00 4.861720026903566527e+00
4.935342711575747110e+00 4.891845199638560793e+00
5.215730821326550526e+00 4.939428507699665793e+00
5.004886007032570028e+00 5.004059169120388617e+00
5.004557183990381297e+00 4.934839965239418369e+00
5.158601681614535472e+00 4.876218450117314696e+00
5.131711506733986461e+00 4.988193147300892250e+00
4.991731931415730017e+00 4.987825249161671692e+00
5.153075083234369913e+00 5.121876185169731421e+00
5.008228398927542457e+00 5.106548037506534854e+00
5.161227825798864188e+00 5.131491445358404846e+00
4.955995551330302007e+00 5.013074057728609034e+00
4.982981537747507517e+00 4.954677195067272777e+00
5.082317058396191634e+00 5.007331796718839989e+00
5.007682189106025916e+00 4.871700777581143171e+00
4.954993452852075819e+00 5.062284993234749564e+00
4.963903383418092119e+00 5.115932980336424407e+00
5.051360010656972044e+00 4.946729916033809182e+00
4.829661756064484557e+00 4.994445230110337697e+00
5.122103369552535312e+00 5.058209770346861589e+00
4.981471234112229141e+00 4.987017930026657275e+00
5.147117032749361165e+00 4.979067632284813527e+00
4.990470446761304579e+00 5.027902152577033767e+00
5.047897982574639286e+00 5.033366210528694928e+00
4.900946367486930910e+00 4.943370227039722842e+00
4.934858199638554765e+00 4.951611416594567494e+00
5.071095996820349505e+00 5.044426331148604170e+00
5.131739406563432304e+00 5.019759960469239779e+00
5.072167206404323281e+00 4.887094822878276901e+00
5.147789404474151453e+00 4.948172978172634906e+00
4.992289829058589312e+00 5.034115197481664694e+00
5.059065483069231206e+00 5.110870358058290819e+00
4.991026430571277039e+00 5.144011721544947235e+00
5.074729360512326259e+00 5.061037026543346862e+00
5.004360244637245714e+00 5.169505104043075505e+00
5.040373009033660701e+00 4.997580439360908677e+00
4.981312835583864285e+00 4.956026894172582686e+00
5.024380071377120061e+00 4.943592136926326930e+00
5.016645220821305706e+00 5.049245126400815131e+00
4.967836494878262066e+00 5.207674798356084267e+00
4.935648176961985989e+00 5.092784012808123428e+00
4.859739472820030493e+00 5.174957674318694245e+00
5.062411981705215780e+00 5.062834550926427646e+00
4.984821490496441854e+00 5.058831720648457875e+00
5.002451017425894264e+00 5.049799829124545170e+00
5.036659824609684755e+00 4.906012021367264886e+00
5.036139560550841665e+00 5.153803656646596565e+00
5.022391413406466221e+00 5.136414042997384577e+00
5.061915426100520143e+00 5.205749546971169650e+00
4.982305277250595132e+00 4.920170275546154492e+00
5.099626681944713802e+00 4.950624341683869112e+00
5.095313663391324077e+00 5.028712416520182416e+00
5.070821442325655681e+00 5.023321613126349838e+00
4.965728548347323468e+00 4.919772273077837710e+00
5.155050049281407532e+00 4.900164595926121081e+00
4.928469629074003322e+00 5.067959774893467717e+00
5.025602973431387177e+00 5.098269098394551335e+00
4.989269785599576679e+00 5.044771692581027978e+00
5.012637957954641621e+00 5.193892899905828919e+00
5.184663699604766585e+00 4.892991523367384410e+00
5.019808476076785375e+00 4.985563958807605722e+00
5.114282281451502321e+00 5.075193303268677347e+00
4.984994441296747070e+00 5.012557645347154534e+00
4.983288191968314962e+00 5.014671368643332627e+00
5.108578632493935068e+00 5.009798315347089748e+00
4.855191565850267565e+00 4.859253622562344610e+00
4.937518142230431728e+00 5.002609105021083025e+00
5.036163602504763581e+00 4.935488024539487206e+00
5.107868083343129584e+00 4.996149153049929126e+00
4.833059471887862557e+00 5.054336019237993582e+00
4.986255148537230397e+00 5.095287454720294207e+00
4.893769628627389068e+00 5.047359243063517908e+00
4.844341810134024762e+00 4.957188483903408383e+00
5.073846657999540710e+00 5.017136828118997194e+00
4.899837999010508760e+00 4.971889970711404594e+00
5.037114587337130800e+00 4.939601481328417698e+00
4.830753537028518174e+00 5.152955031946061304e+00
5.019204911649002732e+00 4.969088353579749651e+00
5.144127328906611396e+00 4.856413784882056106e+00
5.002831837613046062e+00 5.002975613949574019e+00
4.988546015474738304e+00 5.123781631197346087e+00
5.044001445005333650e+00 4.949794577564738951e+00
5.105605680906605492e+00 5.022323891412916019e+00
5.129699454656110547e+00 4.997713193770112028e+00
4.822696753179311457e+00 5.126192150071399389e+00
4.979097674271397267e+00 4.914947954579069744e+00
4.992983428854135042e+00 4.833903906648401083e+00
5.007156623721939148e+00 4.952234255323488377e+00
4.930027449200741430e+00 5.021397991073421885e+00
4.857818933325815713e+00 5.150133365195548762e+00
5.009612077694097998e+00 4.953772471129496147e+00
5.118570415466299650e+00 5.071895331066506252e+00
5.044381942814623265e+00 5.077463405342933278e+00
5.264434334701703300e+00 4.849702967160484768e+00
4.983986720443335905e+00 5.067134007645046623e+00
5.102257043200964404e+00 5.243975240633927726e+00
4.880411693796481210e+00 5.044460266822014205e+00
4.815912576866835160e+00 4.872042303326430179e+00
5.033849640749441079e+00 4.958471208609919856e+00
4.944107815272841044e+00 5.037721187506452480e+00
5.146564876892155027e+00 4.977422369951346681e+00
5.033088023221445440e+00 5.083352896160892698e+00
5.114876570037210080e+00 4.826028622122190193e+00
4.936226001574868683e+00 4.946900304499818546e+00
5.082254491210318470e+00 4.877915635002898043e+00
4.838486818409449164e+00 5.116473935445717380e+00
5.108589556583157609e+00 5.047469823287995538e+00
5.012810441491079239e+00 4.931894834252512183e+00
4.974743184860684231e+00 4.875221681803514784e+00
5.050091718762438120e+00 4.902244475520144640e+00
5.077836107616663597e+00 4.944881428367146725e+00
4.979187774964272784e+00 4.950699906534116401e+00
5.094955413544131950e+00 4.851510203155009471e+00
4.927286282417512986e+00 4.975248136444849756e+00
4.944777695571902498e+00 5.063293181775550877e+00
4.808122878470095785e+00 4.997348612455078332e+00
5.058392818532596813e+00 4.964070790921294218e+00
5.018958161659874406e+00 5.100104609256714383e+00
4.996417396089005258e+00 5.156464365581400422e+00
4.893760647185311896e+00 5.042830709720765192e+00
5.152846842641253033e+00 5.050783575628962296e+00
5.032271856033808888e+00 4.917276905644767382e+00
5.084064354898872651e+00 4.934737602069761309e+00
5.092402701920690333e+00 4.981509786355701408e+00
5.095400176349320631e+00 5.065139125130579956e+00
5.045997214293911348e+00 4.932228463024789455e+00
4.989296964004544144e+00 4.896475767758062148e+00
5.031917451041918454e+00 5.134045044602314256e+00
5.208837470478072440e+00 4.986041037184482327e+00
4.933821353523160980e+00 5.085243333479622763e+00
5.207408266974997701e+00 4.908061540841357484e+00
5.138215899103752982e+00 5.064870988758964465e+00
4.907306952842191983e+00 4.994047464393820412e+00
4.931997527842151285e+00 5.023225369716100452e+00
5.206074792488198710e+00 5.175534084244320709e+00
5.010939479460489565e+00 5.072576662389868929e+00
4.840557234120563379e+00 4.940062497704622579e+00
5.049403018628273898e+00 5.026067376582390445e+00
5.188458630593460796e+00 5.154324352827218902e+00
4.934816389219784050e+00 5.004739867131640985e+00
5.164496771350128412e+00 4.975096396044362379e+00
5.047323762457354590e+00 4.992717108734312959e+00
4.953229879868811025e+00 5.034650388173071534e+00
5.163343153230109728e+00 4.885365460698131379e+00
4.968094606433338001e+00 4.920397414319650942e+00
5.070945181713903516e+00 4.956451362943015582e+00
4.796187546482214792e+00 4.899191368908259570e+00
5.063472146856176970e+00 5.110969984195622651e+00
5.079103194704305047e+00 4.909061254520525885e+00
4.967965269180568022e+00 5.042416594640191541e+00
4.992798987841966962e+00 5.100353289789202549e+00
5.028916864390781782e+00 5.245530013991089646e+00
4.934592431687257807e+00 4.816936710314354109e+00
4.951463645217089926e+00 5.008187413938632204e+00
5.032316771418478218e+00 4.985239741370133260e+00
4.864014385902008186e+00 5.074625356602721737e+00
5.042961821913258369e+00 5.020768768716311392e+00
4.891893667240010402e+00 5.061593560694426230e+00
4.998357710392724584e+00 5.118839327344808510e+00
4.948238870096382414e+00 5.022378795163890075e+00
5.112605025077217036e+00 4.994860627641151574e+00
5.021319662823769292e+00 4.924803066826117792e+00
5.038857860453096471e+00 5.249299951743279458e+00
4.837245756211683734e+00 5.004808494666137975e+00
4.920747926156729513e+00 4.988526355853309724e+00
4.870531852427909314e+00 5.116082678737852163e+00
5.001841837918955314e+00 5.167643731227528292e+00
4.892910750193888880e+00 5.048247241524318696e+00
5.059740006984985605e+00 5.070117274231090043e+00
4.999202735868338188e+00 5.147994413889002807e+00
5.007005216311318563e+00 5.116187830260819247e+00
4.942436217376222629e+00 5.012200981464536298e+00
5.036728731340134324e+00 5.183818367679512207e+00
4.935851840477704755e+00 5.043192254467394164e+00
4.937443729849047003e+00 5.039580353343740882e+00
4.900069776770508589e+00 4.949522507877178512e+00
4.865554948896572363e+00 4.908134805351580532e+00
4.900860765054368962e+00 4.784660988639628521e+00
4.957981318290414663e+00 4.971821539113949306e+00
5.212215619701263236e+00 5.103246526055114529e+00
5.065020117795866028e+00 4.990082413622062063e+00
4.899398261850029357e+00 4.878581138721227006e+00
4.987146248856107356e+00 4.811815095450236335e+00
5.064272275986754224e+00 5.132915253013242918e+00
5.173251499948508858e+00 5.223130014619263406e+00
5.029875290836568702e+00 4.924820894990481257e+00
5.119504662892484070e+00 4.847681309521622239e+00
5.028099186773503426e+00 4.937730048017940909e+00
4.786432578602130228e+00 5.313774853365999640e+00
5.031090756559800425e+00 5.147535621694955488e+00
4.812920807897414832e+00 4.964848651595868745e+00
5.019584525509768191e+00 4.902162722238497139e+00
4.983287828621358884e+00 5.028257995048829976e+00
5.057089051069316277e+00 5.113556564018059802e+00
5.009707754934804136e+00 5.096864499053288533e+00
4.942322866943166915e+00 5.075539122582575224e+00
4.793255789996011984e+00 4.991087996048721109e+00
5.039922312260528336e+00 5.064719593970274047e+00
4.992035860875428277e+00 5.045237179624973756e+00
5.118738605156474719e+00 5.258956364201861078e+00
4.928317767939719651e+00 4.813346338292694426e+00
4.750059428512642512e+00 5.229094257259074396e+00
4.902412674702266493e+00 5.105364179660783819e+00
5.066288126866741237e+00 5.117347385748532318e+00
4.978655712906979502e+00 5.149072613684995581e+00
4.976106790083030695e+00 4.963317558818530983e+00
4.942882101021719876e+00 5.057258278135615903e+00
5.033198033056901721e+00 5.019049967977906590e+00
4.892786098801439110e+00 4.707864951650539531e+00
5.053650984357040521e+00 4.910153201820896207e+00
5.130547880715432996e+00 5.002100384163275848e+00
5.008658978747289936e+00 4.984432276460792011e+00
4.934935743087817350e+00 4.951287461623530284e+00
5.037710039390218775e+00 4.997073718631502182e+00
4.983693303605623903e+00 4.925509735519354670e+00
4.939438446026313656e+00 5.182600971354693442e+00
4.976105195313358820e+00 4.909243633795839834e+00
5.056976728023220069e+00 5.044770856001731474e+00
5.081286211883895731e+00 5.062962884192360846e+00
5.096387911679491012e+00 5.221052300159135129e+00
4.955570673992388819e+00 5.037730049304484758e+00
4.975967460184186564e+00 4.962517919245040154e+00
5.003800347816819816e+00 5.012003132671826400e+00
5.144697788435373731e+00 5.019655477651157049e+00
4.913958663471604815e+00 4.961544445577017903e+00
5.054360015459443467e+00 4.962938566791389228e+00
5.166547444446258019e+00 5.101437006501813087e+00
4.910158532865164460e+00 5.049191917150650966e+00
5.016057398104986298e+00 5.000304602015341437e+00
5.061277390506257134e+00 4.894658443682634363e+00
5.188202449647503656e+00 5.134542004615497923e+00
5.172754317010070935e+00 5.043632366967402803e+00
5.059475434166528451e+00 5.085341555878030384e+00
4.922712233217638733e+00 5.040705228712453412e+00
4.937303294221223382e+00 5.181244855799692850e+00
4.899585923324793590e+00 4.923220243489587311e+00
5.014088624691120266e+00 4.823156063443715169e+00
4.846588582926437461e+00 5.127767682189850795e+00
4.921510168691775711e+00 5.064828043384386191e+00
4.988877393865130294e+00 4.909609235853521270e+00
4.968473075535965400e+00 5.075896922049326854e+00
4.859248830528217766e+00 4.922218331240912903e+00
5.038193545223155212e+00 5.043004164719106619e+00
4.867181395110156572e+00 5.019686123586912352e+00
5.069638744745671666e+00 5.095530520857050938e+00
5.082940558118348662e+00 4.778886469099211887e+00
4.943783197342169977e+00 4.979077812625547494e+00
4.997269546049007083e+00 4.906673204092680152e+00
4.974502278257914689e+00 5.150399298858268970e+00
4.981952008640937457e+00 5.319310756784486394e+00
4.931184965482227511e+00 5.225243580534431054e+00
4.996531511261322223e+00 5.023421473253652181e+00
4.734903019160698889e+00 5.109150685192246577e+00
5.033231401197959087e+00 4.925151346344344816e+00
5.017318092585118627e+00 5.038531737972883562e+00
4.974095785417929960e+00 4.980365015091502201e+00
5.022745993460413061e+00 5.130714275428243099e+00
5.161222062825542523e+00 5.089683931586553634e+00
5.073881048088749957e+00 5.061536748401305630e+00
5.162861554557129473e+00 4.861989854178510484e+00
5.099801010985965277e+00 4.710374462180631383e+00
5.062180996221719909e+00 4.842977528010954380e+00
5.164201516013636528e+00 5.100981708934263281e+00
4.953658230718753330e+00 4.953427024642974352e+00
4.925752941430195264e+00 4.867997748877929354e+00
4.955449747859923093e+00 5.145338447711770513e+00
5.132819414184905504e+00 5.055623000940065559e+00
5.140279431093610185e+00 4.859814893720772133e+00
4.943575240134260973e+00 5.018455130319703805e+00
4.844337082647609982e+00 5.060600995134564073e+00
5.122766899247329420e+00 4.879035898130879012e+00
5.097519762978243385e+00 5.050109416993984190e+00
4.916078247677735824e+00 4.969078762414878447e+00
4.847434368542990590e+00 5.126258410342718008e+00
5.001843393306539376e+00 5.034758170536167476e+00
4.973012506470662508e+00 4.902123628421769297e+00
4.945127509225903495e+00 5.009284490114111144e+00
4.983185618141520834e+00 4.952790942230286930e+00
4.895308901731805662e+00 5.053665275252728684e+00
4.977351590115016933e+00 4.904056076327652391e+00
4.939778793963822245e+00 5.046877425607502410e+00
5.070775193545547843e+00 4.943753322410572970e+00
4.980931759923665325e+00 5.021743287317971927e+00
5.130174128939879452e+00 5.156151119672685468e+00
4.951056055748177975e+00 5.104416087706907135e+00
4.867976679297935760e+00 5.183145876585435019e+00
4.956361410947343060e+00 4.989039019607417025e+00
4.960824185095617622e+00 4.907758981550149890e+00
5.032307927311602924e+00 4.974764649787370985e+00
4.842912384793150338e+00 4.887323253109019383e+00
5.121715852082549425e+00 5.152131605192245445e+00
4.952616065292908765e+00 4.998554772912171984e+00
4.909426769913737942e+00 4.934623366135117983e+00
5.006023020994102346e+00 5.246324211248528435e+00
5.002818115736912929e+00 4.999088100335579377e+00
5.021409374413020821e+00 4.875426122128801332e+00
5.006980208499001606e+00 4.961468640313824174e+00
5.059310125796838697e+00 4.969045356068600761e+00
5.002079370767540389e+00 4.927199705877086444e+00
5.038019785100596337e+00 5.061058574528382259e+00
5.035063009927355893e+00 5.048918713014765913e+00
4.952806813421056553e+00 5.108895059696736851e+00
5.120041390794442648e+00 4.934310572102860171e+00
5.109131012059426880e+00 5.060913812090717556e+00
4.855198609958375933e+00 4.780119404337991540e+00
4.906456129795540910e+00 5.108598211617502827e+00
5.154750520133005942e+00 5.179587767309552504e+00
5.007863519031609201e+00 4.800179931546789014e+00
4.998058039411226616e+00 4.969682021716572251e+00
5.024196227156603634e+00 4.808671975534219989e+00
5.257335980324985947e+00 5.005921843401448967e+00
5.201338724752662124e+00 5.013653533108273663e+00
5.054628424800370112e+00 5.000642226981093508e+00
5.064768853810069693e+00 5.152302985640802468e+00
4.917100498907792883e+00 4.943981895980303243e+00
4.915320628193159180e+00 4.848515277531413759e+00
5.035701548596504651e+00 4.930709040473934657e+00
5.001300189187790401e+00 5.145353407715731464e+00
5.091831660600231402e+00 4.842949939637682277e+00
4.880869650279735517e+00 5.065655360863383194e+00
4.893237957061740140e+00 4.985762051497870218e+00
4.901751260646168618e+00 4.977536685000297112e+00
4.871003910025894612e+00 4.870492122793637968e+00
5.307888080845524215e+00 5.111957491143457766e+00
4.935645016768253512e+00 5.102996081758115920e+00
5.124608519249762573e+00 4.792660976759185232e+00
5.052283548803550239e+00 4.942629999606142022e+00
4.929159323308954122e+00 4.848628560738717397e+00
5.006785551052740146e+00 5.085277367512222035e+00
4.975876394214367338e+00 5.035205539651429696e+00
5.017086543812793842e+00 4.981601666364731784e+00
5.130434024287815475e+00 4.833750801196432967e+00
5.005664992489710308e+00 5.052969275435673424e+00
5.063873022202918683e+00 4.885699508726951912e+00
5.110095963499857064e+00 5.195834745422059697e+00
4.916764442689577130e+00 5.047141555638640753e+00
5.100629280921443964e+00 4.942310813047685158e+00
5.023561455810856557e+00 5.077086519388696928e+00
4.975393751187005442e+00 4.915675340468380838e+00
5.029307247329867891e+00 4.928564858197363563e+00
4.919150639710681006e+00 4.949824295641546357e+00
5.043693816974634814e+00 5.119064627478634222e+00
4.848063003404599058e+00 4.951576592713374581e+00
4.830704318580461454e+00 4.990166037320524772e+00
5.010420110395187976e+00 4.993740687210047824e+00
4.970818873108445501e+00 4.843680919130334495e+00
5.065232287841341829e+00 4.842360784301575016e+00
4.975130887381645550e+00 5.160734557601998951e+00
4.926540842320195068e+00 4.918974756298561957e+00
4.787610427569019222e+00 4.947424497831923951e+00
4.890903356978480332e+00 4.958918571204541159e+00
5.023378591179074704e+00 4.844410435379637114e+00
5.172696385123340512e+00 4.960036381438539976e+00
5.168392769145786936e+00 4.954111573713105621e+00
5.025049285034588031e+00 5.034644820949697674e+00
4.906066460618124125e+00 4.985591244427838298e+00
5.058685709380027262e+00 5.219045562580998165e+00
4.994510599938370987e+00 5.028555407485765905e+00
4.897876718286928721e+00 5.070835644729934977e+00
4.939863235604878611e+00 5.031978193414254008e+00
5.244575197961682811e+00 5.012922118197522536e+00
5.093567839314745882e+00 5.127155509499416119e+00
4.933737624105415165e+00 5.057059866859315633e+00
5.081351721736966809e+00 4.876913568356604500e+00
4.901037186342966478e+00 5.094077118798821857e+00
5.025988279424842275e+00 5.078182287177731347e+00
4.729676770700076638e+00 5.067787531953090507e+00
5.092617754753164583e+00 5.190941664047013404e+00
4.812482753035425276e+00 5.011502607914741780e+00
4.926447005741023233e+00 5.123609317521043316e+00
4.873911604566495193e+00 5.091786194705477442e+00
5.007580455819372389e+00 4.932283828848788687e+00
4.885831088586649606e+00 4.980634054072027972e+00
5.049671415301123290e+00 4.986173569882881296e+00
4.849527962596900110e+00 5.076005596368959871e+00
5.068189148962630952e+00 5.184670732573603225e+00
4.938823090909471247e+00 4.996296320295158466e+00
5.061351797273041520e+00 4.897720743480159733e+00
5.003200414906576299e+00 4.924658212965381310e+00
5.034175597577715600e+00 5.187617083921588268e+00
5.217094271749781242e+00 4.982411418756766075e+00
5.114927332628568024e+00 4.929682357487410904e+00
4.902531832977268245e+00 5.078708460374245170e+00
5.063278186610628673e+00 5.227069285780439500e+00
4.858462925794958309e+00 4.957935467723464384e+00
4.973059316555544562e+00 5.071754225579596209e+00
4.916027815781922605e+00 4.940060735455597651e+00
5.056091944794124160e+00 4.970451968197084014e+00
4.975282261747940638e+00 4.931801575200220000e+00
4.992950122194090845e+00 5.048650164382619820e+00
4.946467181404607949e+00 4.990946671769584064e+00
4.981710355889515718e+00 5.137487641914818326e+00
4.980509171964731863e+00 5.113377009686706387e+00
4.997909840603584897e+00 5.011732738330878512e+00
4.951115057821372289e+00 4.888038256671098480e+00
4.960789184686784203e+00 4.853648505186788142e+00
5.091632767470247956e+00 5.034648847589799026e+00
5.128975275408274470e+00 5.067318135126996026e+00
4.963504727045711107e+00 4.916079033266099074e+00
4.977352110809847296e+00 5.036736550681617963e+00
4.967732016115786742e+00 4.974916698354495459e+00
4.898716887966557465e+00 5.031424733259527216e+00
4.898417818102160481e+00 5.006167984984797314e+00
5.159450506322497354e+00 4.915303865168167086e+00
4.935403582087546148e+00 4.920080799334974664e+00
4.889366502599397535e+00 4.880379337591932654e+00
5.000524369971818039e+00 5.004698059376473829e+00
4.937685947357523197e+00 4.944452288083974523e+00
5.032692737376415870e+00 4.978089947119113567e+00
5.053829607904963162e+00 5.107250733730980485e+00
4.991171795164874858e+00 5.257970933765431454e+00
5.008243975293450667e+00 4.854244850053507143e+00
5.017644155527722916e+00 4.963297216091667963e+00
5.048100923173671539e+00 5.022388402427913512e+00
5.064537594958514966e+00 5.136863155753235155e+00
4.990141186771573700e+00 5.001884962294484538e+00
4.939829338777060208e+00 5.185227818450893977e+00
5.076608027838468651e+00 5.122693322388430559e+00
5.018102155870370673e+00 4.870316805204415012e+00
5.018676676447707763e+00 4.924461706764668101e+00
4.929794690612264496e+00 4.967233785340223307e+00
5.049331790088088745e+00 5.018483612369487368e+00
5.256008453826879645e+00 4.990394010027534577e+00
5.009767609854883119e+00 4.922699021614453052e+00
5.071161487808889312e+00 4.887535790816213144e+00
5.065854427267282745e+00 5.201020453876634697e+00
4.948271154989963172e+00 5.140934744018558433e+00
4.986154401601623043e+00 4.877570176371063049e+00
4.882988697394064381e+00 4.819801956241997587e+00
5.034272534637770136e+00 5.045675321915378042e+00
5.218980293321767050e+00 4.919170171464484653e+00
4.890960092255715708e+00 5.141093237974627250e+00
5.065436565635406119e+00 4.994441532908954429e+00
4.901039517974141724e+00 4.987421307990035579e+00
5.012320480678448931e+00 5.055148537604046588e+00
4.955267810434125231e+00 5.128101636173511224e+00
5.070810867668859245e+00 5.095670231679457984e+00
4.995984204935565387e+00 4.856922489788194852e+00
5.057655696305576321e+00 5.031125015454353644e+00
5.098432239847658032e+00 4.978601115577449221e+00
4.738025489591025874e+00 5.082190250437522039e+00
4.881240158097048365e+00 5.030982071022703117e+00
5.099831089814795604e+00 4.956837968728195598e+00
5.077169871064834084e+00 4.715145737936992099e+00
4.947547973372022234e+00 5.048937456122791545e+00
4.998148686400760710e+00 4.971134136107986379e+00
4.996501150950304115e+00 5.177080063563550993e+00
4.977653401762815122e+00 4.965068320388180467e+00
4.975103585152092833e+00 5.097157095095435686e+00
4.984199210142101322e+00 4.957311893005257986e+00
4.975461188399712853e+00 4.924626383564251420e+00
5.008182935854756934e+00 4.990111034680885460e+00
4.862233063204290495e+00 4.906217496008487444e+00
4.986598283332708270e+00 5.001468819472919769e+00
5.097511973341775082e+00 4.985294261849785968e+00
5.002421945667276049e+00 5.141222055541542879e+00
4.947138331825024160e+00 5.058636401875509669e+00
4.932650937575613348e+00 5.027899416222379791e+00
4.917240977935128043e+00 5.008614388304637899e+00
5.149268856895952595e+00 4.972887639895743561e+00
5.008840688629184967e+00 5.147753008105525829e+00
4.896275384567354116e+00 4.980966132191639417e+00
5.073684389709243625e+00 4.971867244288178611e+00
4.917450280320748490e+00 4.967861415834700978e+00
4.898789562473982784e+00 4.834514332813422577e+00
4.924603541113332206e+00 4.971932492313322349e+00
4.940760607576113017e+00 4.913600923032018564e+00
4.947727697948096193e+00 5.104900922583689216e+00
4.921674670766376103e+00 4.967793848379432831e+00
4.946024031969064261e+00 4.922169527459768545e+00
4.951239377592751012e+00 4.956744181218037504e+00
5.057963317321357621e+00 5.032579631658216535e+00
5.091358462623325032e+00 4.919682104931965227e+00
5.051934651424117462e+00 5.153273891300258036e+00
5.022468472575188692e+00 5.093259083187309244e+00
4.938721130951561733e+00 4.961229844006401990e+00
4.942348959927327812e+00 4.740895770785509278e+00
4.802070018962421472e+00 5.074791025611752993e+00
4.975425693591405185e+00 4.972727643025232958e+00
5.157921281550739145e+00 5.076743472915290489e+00
4.841609717651427225e+00 5.076041465614429704e+00
4.977874637641423128e+00 4.972318670011107500e+00
4.953936122904020856e+00 5.105712222621891172e+00
4.874846057580955794e+00 5.144376460407325879e+00
5.019652116970147127e+00 5.070900375758851553e+00
5.115811087350007114e+00 5.079166269396293565e+00
5.087232063672067817e+00 5.018334200573835169e+00
5.106667468958915101e+00 5.116929559044566922e+00
5.009176077653550330e+00 4.801243108539910764e+00
5.120121392216394618e+00 4.959192462697845194e+00
5.039445214237829873e+00 4.957901551917974103e+00
5.040825275571447328e+00 4.829741639576216272e+00
5.005701312489708066e+00 5.026859227886325776e+00
5.083569211206514282e+00 4.887029314534237834e+00
4.995441398364450336e+00 5.024333944932268814e+00
5.104955271531933292e+00 4.946476478843942814e+00
5.150339830176714706e+00 5.087736229057567172e+00
5.068626019037451691e+00 4.838728412881034835e+00
4.941063524305579158e+00 5.084960209702102496e+00
5.102915563732564053e+00 5.047259748241303967e+00
5.038406544893931027e+00 4.996730525190590910e+00
5.046642998243352274e+00 4.996435851770251624e+00
4.996044484614334813e+00 5.068150069737262342e+00
5.082206015999449100e+00 5.189679298265394536e+00
4.675873265993092609e+00 4.897561235866571216e+00
5.013296967414687444e+00 4.929987918506082423e+00
5.125575612557351945e+00 4.910539269778049665e+00
5.072762954363698285e+00 5.005194588580730297e+00
4.921401053949205462e+00 4.866876704644222507e+00
4.981285573499545372e+00 5.098572999567986486e+00
4.852108843122587167e+00 5.018335991977915356e+00
4.922717478546243086e+00 4.976318139325998757e+00
4.997359424304107733e+00 5.028016115881960957e+00
5.087112470343169157e+00 4.967397646783215492e+00
4.911614256379886356e+00 5.015372510594552580e+00
5.027045682577983676e+00 4.994976189055086557e+00
4.998036220107332284e+00 5.055248995441714577e+00
4.982705394007657773e+00 5.171170848014233989e+00
5.110708066928697058e+00 4.987961883604640434e+00
4.924086733844630359e+00 5.015039378647620616e+00
5.051504768630604936e+00 5.385273149065471721e+00
4.978032811216248632e+00 5.035711257151175069e+00
5.005572491228869048e+00 5.109419151847094831e+00
5.063859245877737614e+00 4.833847993773104257e+00
5.087006773068875276e+00 5.049568188797260326e+00
5.154210995256787164e+00 5.200609288815912556e+00
4.980763903521888025e+00 5.030154734233361680e+00
5.006428001909545955e+00 4.892225522207069410e+00
4.730311335705843057e+00 4.994570513348218554e+00
5.115859557900740207e+00 4.917931768164828910e+00
5.062566734776500432e+00 4.914284244358372078e+00
4.926963336828285911e+00 5.021645858958197373e+00
4.928159273443080579e+00 5.089492437694444149e+00
4.962779322392894876e+00 5.108874861970418735e+00
5.011422764866203750e+00 5.015030176146187735e+00
5.022213377163371462e+00 4.952125137833652602e+00
4.973111130944516844e+00 4.889347409125832655e+00
5.126691114918662251e+00 4.929233053438122347e+00
5.179768652684952457e+00 5.064084286126701251e+00
4.992839874058593530e+00 4.996277776349016264e+00
5.055005209902454943e+00 4.903165554513636337e+00
5.096945720052673323e+00 5.042719436187168114e+00
5.025972250172148215e+00 4.909568337489559120e+00
5.028869362927985698e+00 5.026032183877122250e+00
5.012267031599479949e+00 5.162467845846956394e+00
4.892725697426019593e+00 5.023924686411114671e+00
5.032613302224211438e+00 4.874888642361469238e+00
5.054709738117003859e+00 4.979780734756610983e+00
4.938659733645906158e+00 4.969753031351187289e+00
5.063805110144075528e+00 5.050084447494445961e+00
5.026912694124511027e+00 4.965680772450259184e+00
5.041293145427562017e+00 4.943627544719602085e+00
5.151344974324213233e+00 5.063081168455477510e+00
5.004852162794482417e+00 4.916904988358895778e+00
4.918180111657769693e+00 4.999662554258904379e+00
4.997564540773901776e+00 5.214227035861186188e+00
5.073264007721557611e+00 4.991928341989141593e+00
4.986569125852945206e+00 5.081080827315978432e+00
4.987905185139221764e+00 5.041953244390702693e+00
4.989555078146253209e+00 4.983117827680999312e+00
4.912201741324343729e+00 4.917311964596014384e+00
4.911048557037447360e+00 4.918418971503456305e+00
4.880607499360094081e+00 5.014294309476370337e+00
5.145114360779504459e+00 5.095927082608520564e+00
5.008704706823817077e+00 4.970099264953413254e+00
4.936261287269347875e+00 5.118901653110754957e+00
4.977903582617033251e+00 5.002688583899453256e+00
4.929565630945724308e+00 4.859153870363644323e+00
4.991784882160742676e+00 5.111729583158813206e+00
4.827508216748697123e+00 4.943771247075902764e+00
4.945375555174751803e+00 5.039180400540254290e+00
4.946403655488595064e+00 5.080805779828114765e+00
5.167257238683770737e+00 5.041901900936604619e+00
5.007736830764761393e+00 4.913871579867173267e+00
5.030805053950410333e+00 4.960835143257821045e+00
5.168714163507256210e+00 5.088163975694945051e+00
4.752835549987270980e+00 4.920310474452952221e+00
5.190119068575301142e+00 4.993933918618537859e+00
5.176545424028109466e+00 5.040498171096095881e+00
5.119657150166449178e+00 4.984147042697302687e+00
4.977514401819192358e+00 4.934999741917653893e+00
5.013354090478228109e+00 4.984753016361946010e+00
4.859368253632816881e+00 4.991689442737130555e+00
4.920952554455468864e+00 5.047146835713599344e+00
5.020886359500475571e+00 4.804032987612022687e+00
4.763706756445816204e+00 4.899026929529005869e+00
5.012522450264790486e+00 4.957059445887474602e+00
4.945508091319105404e+00 5.039913611435206775e+00
5.019905969557346914e+00 4.939978312284120321e+00
4.996724672978400505e+00 4.945657522886623525e+00
4.890768723532741724e+00 4.968359155030519503e+00
4.858163426706696875e+00 4.823919118801922146e+00
5.020109904671496537e+00 5.105065439600760868e+00
5.096485163309745658e+00 5.161558282354823390e+00
5.098176548699159483e+00 4.967516861649137638e+00
5.052980417791528289e+00 5.144156862065790037e+00
4.861042753323640220e+00 4.835460125304311241e+00
4.998469015082700473e+00 5.057929149960108894e+00
4.909629813926986941e+00 5.032435928172160011e+00
5.000511345664246043e+00 4.976541286662484964e+00
4.928715421732283275e+00 5.010643022769190047e+00
4.933092726134008288e+00 5.103990468739607600e+00
5.009699596499271657e+00 5.059515702543690985e+00
5.056898307918527458e+00 5.162839662312853406e+00
4.957069777548274381e+00 4.930757902012614657e+00
4.999639746090942971e+00 4.884163531080745635e+00
4.894631758085364659e+00 4.893219707842080268e+00
5.022445181855997198e+00 5.104709830261215053e+00
4.977653721467414805e+00 5.071400049409208854e+00
4.951681353770062799e+00 5.157398676329003173e+00
5.043655980415766571e+00 5.090393484108619582e+00
4.869553049949514545e+00 5.066967254883003591e+00
5.086960592010566273e+00 5.135563785880495224e+00
4.901140889284908653e+00 4.889641068278423042e+00
5.048473281729447315e+00 4.915364334500912591e+00
5.079348872055221342e+00 4.825146802676181679e+00
4.840700626646833094e+00 5.044047473796039682e+00
4.890372491310479575e+00 4.855994911740570963e+00
4.937735063826554693e+00 5.019460745523724121e+00
5.163996452937139381e+00 5.074212749107188891e+00
5.019109906801990206e+00 5.004643654815614795e+00
4.900161456081170819e+00 5.030179189981947019e+00
5.116778206165980336e+00 5.025442084330121517e+00
5.050498727898045992e+00 5.086575519417012359e+00
5.065590077652975864e+00 5.019473619471877868e+00
4.939936131008119347e+00 4.970830625020671967e+00
4.887727797843770539e+00 5.038240974618404699e+00
4.877045040554758515e+00 5.049669922323651861e+00
5.152312407726965304e+00 5.053891004368465723e+00
5.069695440451073232e+00 4.966618051024399350e+00
5.030780176889205535e+00 4.828983160734337865e+00
5.010537550614595936e+00 4.866597450508179712e+00
4.953052561406504850e+00 5.054256004358596677e+00
4.839355367974242483e+00 5.020346363586722482e+00
5.045588777208160458e+00 5.216500234490108134e+00
5.068195297129496346e+00 4.968973324340653974e+00
5.240341558523827103e+00 4.994238120296641270e+00
5.118947048892463769e+00 4.877239218486300487e+00
5.020056919723094424e+00 5.114863734942871609e+00
4.881674148733422314e+00 4.796076782223989809e+00
5.072509578684799791e+00 5.051617828711496117e+00
4.935377269015619461e+00 5.177531089260950736e+00
4.757575973972706151e+00 5.088404539636105284e+00
5.078580015865083119e+00 5.042545756178496319e+00
4.974120393733289625e+00 5.159864717050472116e+00
4.908057576576619674e+00 5.154993440501754343e+00
4.963638778778614480e+00 4.994305437627893696e+00
5.205620712994032395e+00 4.889679163427831377e+00
5.107363174985977139e+00 4.897348470058894065e+00
4.993392020135268616e+00 4.878898380023754200e+00
4.888942415453416679e+00 5.175227044342362248e+00
5.075698861664535322e+00 4.907783467582237158e+00
5.207526087262526637e+00 4.931081218191042836e+00
5.083392215454890284e+00 5.045918007922844062e+00
5.034361828956845919e+00 4.823695984463726383e+00
5.032408396939479722e+00 4.961491771958367991e+00
4.819894226584725772e+00 4.945732620026597637e+00
4.865181457789428343e+00 5.074326409402271310e+00
4.828686547090912384e+00 5.135387237416541240e+00
4.903302385687078768e+00 4.995228864385802048e+00
4.973534316676204270e+00 5.272016916658961883e+00
4.970243649664000785e+00 5.137570681331162348e+00
4.997444592900855298e+00 5.117272901925936424e+00
4.991163704079466079e+00 4.962998897011787314e+00
5.033760266207520040e+00 4.958812303387753140e+00
5.161537568946943821e+00 4.967767953078865872e+00
5.213303337465626797e+00 4.804791220047749611e+00
5.086047348835974979e+00 4.941692256143106476e+00
5.028586539072490424e+00 5.033445678998702100e+00
4.970505032170796866e+00 5.124774207267373427e+00
4.889663339382612328e+00 4.784710940704751891e+00
4.841880929796786859e+00 5.089503831407611756e+00
5.055979044793104116e+00 5.108078072555461979e+00
4.951725647781796802e+00 4.904667139174128998e+00
5.012229750303228037e+00 5.054329802903638758e+00
4.974262346257665612e+00 4.833141592612241411e+00
5.040981865692851116e+00 4.975874234538145480e+00
5.067257370120272775e+00 5.189988193489521784e+00
4.952505468883904527e+00 4.934667076742628389e+00
5.186577451114475323e+00 5.047383292091178753e+00
4.986874303290769639e+00 5.007685188295877055e+00
4.996677000935553892e+00 4.979188314272746219e+00
4.993732090272683166e+00 5.095514232050123660e+00
4.916465294674024378e+00 5.214514912777338473e+00
4.885627379267933890e+00 5.010855970577652307e+00
4.954769368075091940e+00 4.757612067337104733e+00
5.095042383818604748e+00 4.942309634433759591e+00
4.944250821499216464e+00 4.863019702042092440e+00
4.816379462689670099e+00 5.050799132691254023e+00
5.095312504537608866e+00 5.051308542009729230e+00
4.903507653941989730e+00 5.068605145999844019e+00
4.998129124355410013e+00 4.961148154691111145e+00
5.100058231804298181e+00 4.932937979092335112e+00
5.089519322002773016e+00 5.063517180168196852e+00
4.948613308266330613e+00 4.894078647811104688e+00
4.942633799311976439e+00 4.945314105875961097e+00
5.126570784086470489e+00 4.913382515178549959e+00
5.024938368371075548e+00 5.157745327976347660e+00
5.027996862631981756e+00 4.887451095270161971e+00
4.935072245493398846e+00 4.877605973323774435e+00
4.946974238162756166e+00 4.920712716773765649e+00
4.999392908846010286e+00 5.083849077445163900e+00
5.139246530006432501e+00 4.974995348540105056e+00
5.051765902046912338e+00 4.927425618684653230e+00
4.937623103930419255e+00 5.191403135386678969e+00
5.049097495163825222e+00 5.073487778604981457e+00
5.011327041053776021e+00 4.856172202168263397e+00
4.951693894831656451e+00 5.014679301198555095e+00
5.121309769997917982e+00 5.014171691363990213e+00
4.877423433699766164e+00 4.853562511979017557e+00
5.025755039072276276e+00 4.992555408423383412e+00
5.081252582239419446e+00 5.135624002857082537e+00
4.879030525715888800e+00 5.059992872999620417e+00
5.139935543658600281e+00 5.092463368291276993e+00
5.119663148664565178e+00 4.939021709568061524e+00
5.017770100093325247e+00 4.866465564128989563e+00
5.163241130393163125e+00 4.856985862203936577e+00
4.782733045398596339e+00 5.084742167715042171e+00
5.095030759197357817e+00 5.171061337258192836e+00
5.166990450435140936e+00 5.039467152982298082e+00
4.899966867539442106e+00 4.932225502947514606e+00
4.865287371047029907e+00 4.902838596148934691e+00
5.011958036841415165e+00 4.902693105911844818e+00
5.074209537200930598e+00 5.029929258040649387e+00
5.016846097626961765e+00 5.131759753560795723e+00
4.986736625361742448e+00 4.902547069532936064e+00
4.929800831219324664e+00 4.933709908244905407e+00
5.051503526720866333e+00 5.051378595091220447e+00
5.156552402923433753e+00 4.993424973892700791e+00
4.862809885706864677e+00 4.838643860212325620e+00
4.978231879677277760e+00 5.109877685198719099e+00
4.797485741334239329e+00 5.018645431476942420e+00
4.944635069465281418e+00 4.880212210741115442e+00
4.997347874075093621e+00 4.911812534877228131e+00
4.905060111116805288e+00 5.263238206483738857e+00
4.911250782219790167e+00 4.956254169967658996e+00
5.026705026586926195e+00 5.088963079562343950e+00
4.917777960443356911e+00 5.024368721149190975e+00
4.965134786559214142e+00 4.965074229568156916e+00
4.882096020884019616e+00 5.118767938846156440e+00
4.989123985154313878e+00 5.040171172209894301e+00
4.998650277526206942e+00 4.894228907104410276e+00
5.004381147197911162e+00 4.985299799837151546e+00
4.953468954321994744e+00 4.989405164569586049e+00
5.063240773905552494e+00 5.097255444962672577e+00
4.863312130158457869e+00 4.977523459810731410e+00
4.901849134895204685e+00 5.046210347426327125e+00
4.891894345959173940e+00 5.105315285333290376e+00
4.883008316428971263e+00 4.712773778671834890e+00
5.108305124317527479e+00 5.105380205203490007e+00
5.054146272820478458e+00 5.075915516030264918e+00
5.006699071722486849e+00 5.051593921770409779e+00
5.015041890514357448e+00 5.036496100246622198e+00
5.075892858978676259e+00 5.028119142396938024e+00
4.938756262535956232e+00 5.036150352520610163e+00
5.091540211770207769e+00 5.032875110965968624e+00
5.117312463758664443e+00 5.036964219219809635e+00
5.026739231407190367e+00 5.032169780619601518e+00
5.188618590121053309e+00 5.017457781283184204e+00
5.214394408932532698e+00 5.063391902231801467e+00
5.029612027706457766e+00 5.026105527217988644e+00
4.831656180777905263e+00 4.919412993350380958e+00
5.147654034972589443e+00 5.138009135414745465e+00
5.206252491924314718e+00 4.893246708574572779e+00
5.058669380147527761e+00 4.952509634337747713e+00
4.860143242618085502e+00 5.056296923669057364e+00
5.084062002650455270e+00 5.054673356820138075e+00
5.021101746720261438e+00 4.990328688812960323e+00
5.009965136508764516e+00 4.949652434588379890e+00
4.996687302712619960e+00 5.179455786351779167e+00
4.955381656678522262e+00 4.811045926905446635e+00
5.019438430157733499e+00 4.964683370718931066e+00
5.089959987543324793e+00 5.030729952087661161e+00
5.184895609494534874e+00 5.112656502954775917e+00
5.103099952249595006e+00 5.093128011911620234e+00
4.976584662527666403e+00 4.976586304305081754e+00
5.057707212718053569e+00 4.979695461395700740e+00
4.923674084345748270e+00 4.819511789933548229e+00
5.015985639199739943e+00 4.897232485907403898e+00
5.056550964563154338e+00 4.823923724084417941e+00
4.940433870595651200e+00 5.137443809317082000e+00
5.206150357663640094e+00 5.120836623059314086e+00
4.952896169438167462e+00 5.023204993735763679e+00
4.962087225901250953e+00 4.979641963989763553e+00
5.187329777621754623e+00 5.108004806571464940e+00
5.060789650971654119e+00 5.018660912315636047e+00
4.998775322715308889e+00 4.910274562851417279e+00
5.001392929191294634e+00 4.997587491288999928e+00
5.091907648298777289e+00 4.970972545581134661e+00
5.055560446600344982e+00 5.008958068125524576e+00
4.969196571581425914e+00 5.077966053226933951e+00
5.005820871844600006e+00 4.885702970216938112e+00
5.027157883719537423e+00 4.872325142417968991e+00
5.072238135782777491e+00 4.962716684790823507e+00
5.117929718406382555e+00 5.006751848141011152e+00
5.028328787154614510e+00 4.974109502629592505e+00
5.064548418114107164e+00 5.216325472330545665e+00
4.972494830284835743e+00 4.769807883526441472e+00
4.901427395366445339e+00 5.050404651551784418e+00
4.953396349813175448e+00 4.840529693273320611e+00
5.001035261984338121e+00 4.868816376764984355e+00
5.020838280794754915e+00 4.795826513157570581e+00
5.041343490322369725e+00 5.187679581255806305e+00
5.080040952522768549e+00 5.075429132981357228e+00
5.110818281673751962e+00 4.896009407287446713e+00
5.150075979063431397e+00 5.085022174211349721e+00
4.922621080089642831e+00 4.875534529668858141e+00
5.005963036992017834e+00 4.935306322229442877e+00
4.953538270270160915e+00 5.020115965587283569e+00
4.957364240379445341e+00 5.114844570919675704e+00
5.018186625505849818e+00 5.024822058630033617e+00
4.982504024330459025e+00 4.924425484050715340e+00
5.039968795175264304e+00 4.934864310620817207e+00
4.919039648007835552e+00 5.042406104446408577e+00
4.895519080597896533e+00 4.803364341062399845e+00
4.875613676460871737e+00 4.930709480220409446e+00
5.042881650033057106e+00 5.069310560726314030e+00
5.020292302085129776e+00 4.848425588500276717e+00
5.079994190194205395e+00 4.838368939156341142e+00
4.843745414311345421e+00 4.947094732265370887e+00
4.982737270005918262e+00 5.088365993748666938e+00
4.995307942112081179e+00 5.047704082722312080e+00
5.035778736034828285e+00 5.056078452636823428e+00
5.025373966149457416e+00 5.046769317176543090e+00
4.946949885238947076e+00 4.942418175935531899e+00
5.123828307143363681e+00 5.002127157673606384e+00
5.103254620434166000e+00 5.112670513682758155e+00
4.928155577874756332e+00 4.978655284828815475e+00
4.921221624809176021e+00 4.937915240174888254e+00
5.075334162110452851e+00 5.038115838488277376e+00
5.033848384346168991e+00 4.970459858986097323e+00
5.150235705209603054e+00 5.007409478041977557e+00
4.784818459867069329e+00 4.928084668075758401e+00
4.963467844868788781e+00 5.018468030586491047e+00
5.093828380597599903e+00 4.948395527178262476e+00
4.995053629034757137e+00 5.067481949216660730e+00
5.067792587133927107e+00 4.951208859185429745e+00
4.975584336470935121e+00 5.096408716828835672e+00
5.003408346825922948e+00 4.923002676894135732e+00
5.117944012072128679e+00 4.953082434789529920e+00
5.085765962320201616e+00 4.984006147003657183e+00
5.059355672228086576e+00 4.705961136533572287e+00
5.011351734525124613e+00 5.066213067452104646e+00
4.904487742065064992e+00 5.042359906559346072e+00
4.819686032374405293e+00 4.841586405699451312e+00
5.063377688093209983e+00 5.041379909745149490e+00
5.002874482293481861e+00 5.127845186260730159e+00
5.142050424798985553e+00 4.942925370625052217e+00
4.744607886509804473e+00 5.093431991123927638e+00
5.116316375215496315e+00 5.001023306101958887e+00
4.893488633692462564e+00 4.969477529564533036e+00
5.167770081407644156e+00 4.944641175829200819e+00
4.936103825231049846e+00 4.867691020659250078e+00
5.016936082403607777e+00 4.858628550309502359e+00
4.933190954635694681e+00 5.099204234953652382e+00
5.014866745720211405e+00 4.966291402888195705e+00
5.082541634898802840e+00 5.081350963600064219e+00
4.787814510099140719e+00 4.939217801290556764e+00
4.976906546979131818e+00 5.069620636481341869e+00
4.992556657089995298e+00 5.062067209755067410e+00
4.973146935209416419e+00 4.910880777458471513e+00
4.966522466789346169e+00 4.959635153675800545e+00
5.027669079933001939e+00 5.082718324903602536e+00
4.877787219110805594e+00 5.071299843017238906e+00
5.155115197552252226e+00 5.011567463429285496e+00
4.954063910045976016e+00 4.915015563053520609e+00
5.131030874611960613e+00 5.139568381078995607e+00
4.955348504793297693e+00 5.085639879432346966e+00
5.079426467962182556e+00 4.874571057683074748e+00
5.127766489578842624e+00 4.940842861116417239e+00
5.051310579817608115e+00 4.974045332241608719e+00
4.987208240851923158e+00 4.904445955939957358e+00
5.252693242587362477e+00 4.946913122707967680e+00
5.017989415115347462e+00 5.139200228634459577e+00
5.110552593295798474e+00 5.118703030556037703e+00
5.030740669780910501e+00 5.081573721253930032e+00
4.907264686580942836e+00 5.023836898273478901e+00
5.118891337147464249e+00 5.070830384720106387e+00
5.231932953998169822e+00 5.039331783939437592e+00
4.871957064750371380e+00 5.175479418198436043e+00
4.897581317567079928e+00 5.185409256633418451e+00
5.051390784965891889e+00 5.017958178193960173e+00
4.746971247725366716e+00 4.971399577811989268e+00
5.055832691252172495e+00 5.007600539141241036e+00
5.006752820468792109e+00 4.857525181378654189e+00
4.944480047330680250e+00 5.188115706944058658e+00
4.989984592352004533e+00 4.979632624982303746e+00
4.871969560132910715e+00 5.087245732828014511e+00
4.996528823029475319e+00 4.883132196238046951e+00
5.012029563171189750e+00 5.051443883405874580e+00
5.009933230542922722e+00 5.075138712337178504e+00
5.099604768580581649e+00 4.924320491143054035e+00
5.033126343140356340e+00 5.097554512712235919e+00
4.988435171761175901e+00 4.969889630441071127e+00
5.087129729745724305e+00 4.865402031975325059e+00
5.103184453946863819e+00 4.851443962696302847e+00
4.876565112812007996e+00 4.940753574084710387e+00
5.051120259952497804e+00 5.137365854516295904e+00
5.229889812361925294e+00 4.963716143956034443e+00
4.998098379209730879e+00 4.899747063536219471e+00
4.884900642257769654e+00 5.037569801834567151e+00
5.007543363890158972e+00 4.839803418810283198e+00
5.032416635248844194e+00 4.986985694563231597e+00
4.939048779784071641e+00 4.981302869701455194e+00
5.030263546523903173e+00 4.924572414998063863e+00
5.032135721545027529e+00 5.042192075423528763e+00
4.969222176504699995e+00 5.021915032766393949e+00
4.932360769794073008e+00 5.180094043291081363e+00
4.909197592447879011e+00 4.858769629866470652e+00
4.876304928912191805e+00 4.867954338691572680e+00
5.082048218119736838e+00 5.050727403110729874e+00
5.103028345403184396e+00 5.023878915902651343e+00
4.852147800963257041e+00 4.928015579160529569e+00
5.069014399171111407e+00 4.959877952811416080e+00
4.965731240591964912e+00 4.962855913400420427e+00
4.952082576215470766e+00 4.981434102333618164e+00
5.030883301259896356e+00 5.170221494463524081e+00
5.028977485689641647e+00 5.207540079864544147e+00
5.159318662663939570e+00 4.948878432356881518e+00
5.029355793216662818e+00 4.864341819537659539e+00
4.983871428833398731e+00 5.040405085681453734e+00
4.956550377256768058e+00 4.969082787653135824e+00
4.963755905859686735e+00 4.888033010537385259e+00
4.997863270565156668e+00 4.925278832085217218e+00
4.862068077198546945e+00 4.926906996005808281e+00
4.961182318145876735e+00 5.017041622237548459e+00
4.988767195030916923e+00 4.977903040046677496e+00
5.016865467196672590e+00 5.044194064956941226e+00
4.966421530070987522e+00 5.166902152528939141e+00
5.088310977714716188e+00 4.992216280298720221e+00
4.993586165340700767e+00 5.032876241030348474e+00
5.196472513291638506e+00 5.003526355197172926e+00
4.941947655019527375e+00 5.058857840442060549e+00
4.929498814424158937e+00 4.994423092234229422e+00
4.932307799969404272e+00 5.061167628884087222e+00
5.161371126905864415e+00 5.045353430151397589e+00
4.969079092295013211e+00 4.924784359440941728e+00
5.053875599244636696e+00 4.907932640692063586e+00
5.105842448684958512e+00 4.824126051357688461e+00
5.026712665101148225e+00 5.050872502322993007e+00
5.036867330887289995e+00 4.960666118767264265e+00
5.083033581654424538e+00 4.914391617409113344e+00
5.112411271998601237e+00 5.094752646212286074e+00
5.173596380316524801e+00 5.019791078346265145e+00
4.880636316824351617e+00 5.091915417361000173e+00
5.231465856667351311e+00 4.813273480740825505e+00
5.022409248181041619e+00 5.001259240078179680e+00
4.945561727547481468e+00 5.011092258970986535e+00
4.847447482907526251e+00 4.930809193011875813e+00
5.120650896650835726e+00 4.918306432901276004e+00
4.974040864863639833e+00 4.849685704688189603e+00
4.937328277541003452e+00 5.086239347238276309e+00
4.980266157969267304e+00 4.984872671634648533e+00
4.997497304125485762e+00 5.081776629920028654e+00
4.914164221981878633e+00 5.070030987940898903e+00
4.944814185410755236e+00 5.255819928566825006e+00
4.918177931676653181e+00 5.209238727568545890e+00
4.938848219700805231e+00 4.859333890315177484e+00
5.139020754901731713e+00 5.055781030635186468e+00
4.889429533151406382e+00 4.978507896971126279e+00
4.844933656893386953e+00 5.006856297480602791e+00
4.944969484615458377e+00 4.932837663206194989e+00
5.035144820754158701e+00 5.107015023831642964e+00
4.879970359294422799e+00 4.966549876415904841e+00
5.096337612924432214e+00 5.041278092693650237e+00
4.982692817571613197e+00 5.001557904758146655e+00
4.947023979623295986e+00 5.051326743311335576e+00
4.852141375422015734e+00 5.114375404320693264e+00
4.955671774880848979e+00 4.911519728597309786e+00
5.062157188985604961e+00 4.963038966395636464e+00
5.215318245751155324e+00 4.923265243711195005e+00
4.978886976117230745e+00 4.901282047284881926e+00
4.997248509494935931e+00 5.177225159666974719e+00
5.138427281851051909e+00 5.056390912005236160e+00
4.791807059211627973e+00 5.169645636829003799e+00
5.052194156561689908e+00 5.029698467323318489e+00
4.996236529757514866e+00 5.110330188201651858e+00
4.902834326545871590e+00 4.862038183521106838e+00
5.157957214573070992e+00 4.947713997284672871e+00
